                                                                    MOD 3           DIV 3

00 01 02 03 04 05 06 07 08      00 00 00 01 01 01 02 02 02      0    1    2         0   0   0
09 10 11 12 13 14 15 16 17      03 03 03 04 04 04 05 05 05      0    1    2         1   1   1
18 19 20 21 22 23 24 25 26      06 06 06 07 07 07 08 08 08      0    1    2         2   2   2

27 28 29 30 31 32 33 34 35      09 09 09 10 10 10 11 11 11      0    1    2         3   3   3
36 37 38 39 40 41 42 43 44      12 12 12 13 13 13 14 14 14      0    1    2         4   4   4
45 46 47 48 49 50 51 52 53      15 15 15 16 16 16 17 17 17      0    1    2         5   5   5

                                                                                    


                        MOD 3   0       1      2
